1.61
1.67
1.91
1.75
1.75
1.4
4.86
1.3
1.3
1.7
2.2
3.21
1.91
1.45
2.13
1.75
1.55
2.3
1.81
2.2
2.6
1.85
1.27
1.34
1.64
4.0
1.3
1.62
1.53
1.37
1.45
1.55
2.75
1.89
2.93
2.45
2.38
2.25
1.75
3.5
2.3
3.4
3.72
5.3
4.07
4.65
4.11
3.03
1.53
6.5
3.73
2.4
2.55
3.32
4.11
3.3
1.67
1.57
1.42
1.74
2.4
1.45
1.85
1.9
1.4
1.38
3.19
1.73
1.44
1.6
2.38
2.2
1.27
1.62
1.42
1.3
1.67
1.19
1.44
1.65
2.22
2.25
1.75
1.4
2.62
1.25
1.68
2.27
1.2
1.4
1.23
1.29
1.25
1.9
1.85
1.9
1.83
1.37
1.45
1.44
2.3
1.92
1.5
1.75
1.57
1.54
3.51
3.31
1.62
1.5
1.62
1.45
2.12
1.65
1.44
1.33
1.25
1.4
3.21
1.44
1.46
1.55
2.37
1.65
1.65
1.35
1.65
1.4
2.27
1.6
1.55
1.55
1.33
1.5
1.62
1.2
1.2
3.16
1.55
1.6
1.44
1.53
2.15
1.36
1.5
1.45
1.27
2.4
1.36
2.01
1.62
1.73
1.55
1.53
2.8
1.87
1.67
6.48
2.15
2.61
1.7
2.2
2.1
1.44
1.55
5.0
2.45
1.4
1.4
1.53
1.37
1.75
1.5
1.75
1.5
1.44
2.2
2.45
2.0
1.95
1.88
3.3
1.73
2.22
2.8
1.52
2.3
2.27
2.29
1.89
1.88
1.53
2.84
1.38
2.45
1.3
1.43
1.74
1.75
1.56
2.38
2.53
1.55
1.7
2.25
1.4
1.67
2.3
1.44
3.0
1.4
3.7
2.88
1.8
1.62
1.56
1.55
2.0
1.33
1.38
1.62
1.55
1.45
1.4
1.83
1.47
1.4
1.59
1.6
1.85
1.75
1.22
1.51
1.25
2.0
1.35
4.23
2.23
1.36
2.33
2.26
1.28
1.22
2.3
1.25
1.45
2.0
1.88
1.62
1.83
1.53
1.63
1.45
1.6
1.87
1.58
1.26
1.8
1.33
1.5
1.3
1.6
1.42
1.55
1.67
1.25
1.7
1.68
1.47
1.3
3.77
3.05
1.18
3.75
1.45
1.17
1.4
1.35
1.3
1.12
1.6
1.81
2.96
1.31
3.37
3.64