1.37
1.5
1.4
1.69
1.57
1.67
1.53
1.75
2.2
1.45
1.36
1.4
1.95
1.36
1.46
1.53
1.85
1.85
1.67
1.7
1.57
1.8
1.76
1.7
1.44
1.64
1.73
1.73
2.35
2.0
1.8
1.67
1.5
2.21
1.33
1.4
1.33
1.18
1.5
1.3
1.2
1.84
1.19
1.4
1.22
1.4
3.02
1.46
1.55
1.3
2.8
1.22
1.25
1.29
2.4
2.7
1.77
2.5
1.7
2.62
1.67
1.91
1.53
1.5
1.55
2.66
2.0
1.65
1.55
1.88
1.91
1.46
1.43
2.54
1.65
1.34
1.55
2.39
1.83
3.3
2.0
1.29
1.36
1.57
1.37
1.25
2.09
1.26
1.36
1.29
1.25
1.36
1.47
1.29
1.4
2.03
1.3
1.72
1.5
1.95
1.25
1.29
1.44
1.4
1.6
1.45
2.0
1.8
1.29
1.57
1.45
1.62
1.2
1.35
1.6
1.18
1.3
2.1
1.26
1.6
1.35
1.27
1.26
1.2
1.33
1.18
1.29
1.25
1.5
1.25
1.5
1.22
1.55
1.4
1.5
1.62
1.65
1.75
1.85
1.4
1.33
1.47
1.51
1.7
1.45
1.47
2.2
1.42
1.45
1.44
1.35
1.65
1.45
3.1
1.25
1.6
1.19
1.25
1.18
1.85
1.3
1.29
1.33
1.45
1.6
3.38
1.36
1.27
1.5
1.6
2.0
1.45
1.94
1.55
1.36
1.4
1.53
1.36
1.37
1.37
1.45
1.5
2.75
1.4
1.6
1.5
1.6
1.56
1.66
1.45
1.4
3.4
1.92
1.28
1.3
1.25
1.62
1.65
1.55
1.27
1.29
1.92
1.29
1.76
1.25
1.29
1.42
1.24
1.36
1.33
1.7
1.62
1.29
1.23
1.36
1.4
1.4
1.36
1.29
1.19
1.4
1.53
1.24
1.17
1.22
1.29
1.36
1.25
1.3
1.2
1.25
1.35
2.2
1.22
1.8
1.17
1.25
1.55
1.45
2.38
1.57
1.95
1.22
1.45
1.25
2.05
1.3
1.42
2.62
1.2
1.17
1.4
1.22
1.25
1.91
1.33
1.41
2.1
1.73
2.5
3.5
3.05
5.5
1.7
1.75
1.37
1.6
1.5
1.57
2.3
1.3
1.65
3.0
1.33
1.45
1.35
1.87
2.3
1.53
1.53
1.45
1.45
1.53
1.7
1.53
2.23
2.45
1.63
1.4
1.4
1.5
1.6
2.25
2.8
1.83
1.97
1.64
2.04
6.0
2.71
1.45
1.93
1.46
1.3
1.3
1.5
1.8
1.33
1.67
1.5
1.26
4.71
1.3
1.35
1.6
1.38
1.25
1.5
1.25
1.25
1.6
1.3
1.2
1.25
1.46
1.2
1.22
1.22
1.2
1.33
1.3
1.2
1.33
1.35
1.35
1.29
1.6
1.29
1.3
1.33
1.55
1.32
1.5
1.44
1.85
1.4
1.65
1.81
1.62
1.62
2.26
1.67
1.4
1.51
1.62
1.67
1.57
2.25
1.6
1.56
1.37
1.95
2.15
1.57
2.22
1.35
1.35
1.57
2.31
1.33
1.36
2.87
1.36
1.6
1.29
1.3
1.75
1.5
2.02
1.45
1.4
1.4
1.56
1.5
1.52
1.53
1.45
1.57
1.75
1.67
2.22
1.45
1.53
1.3
1.83
1.52
1.27
3.79
1.8
1.35
1.34
1.37
2.2
1.26
3.0
1.22
1.39
1.85
1.57
1.29
1.3
1.57
2.07
1.19
1.42
1.37
1.45
1.33
1.25
1.29
1.3
2.5
1.51
1.3
1.58
1.33
1.62
1.52
1.35
1.35
1.4
3.13
1.29
1.57
1.4
1.47
1.36
1.48
2.84
1.37
1.66
2.21
1.33
1.4
1.33
1.59
1.85
1.42
1.35
1.27
1.25
1.3
1.33
1.33
1.55
1.3
1.22
1.36
1.44
1.45
1.51
1.85
1.35
1.35
1.35
1.87
1.49
1.42
1.91
1.76
1.53
1.51
1.65
1.36
1.5
1.55
1.54
1.3
1.45
1.69
1.32
1.33
2.5
1.4
1.55
1.27
1.37
1.6
1.3
1.25
2.1
1.55
1.45
1.4
1.65
1.7
1.36
1.5
1.95
1.43
1.56
1.38
1.33
1.83
1.39
1.45
1.87
1.35
1.29
1.31
1.33
1.44
1.5
1.62
1.45
1.19
1.44
1.22
1.21
2.31
1.35
1.28
1.66
1.19
1.22
1.75
1.22
1.36
1.22
1.14
1.25
1.83
1.5
1.57
1.43
1.67
1.13
1.57
1.19
1.21
1.65
1.25
1.24
1.13
1.16
1.2